465087
451507
28177
999692
763172
690885
240867
149598
112322
502893
209899
845051
127214
452772
361305
309269
846368
873348
417262
834727
142934
837063
592622
779778
848599
728087
618612
686774
887829
156305
337439
558489
523500
984667
883754
838263
78727
995166
874266
979542
579489
201698
915280
767780
352297
231173
378622
871039
278911
202264
239350
692129
960412
700246
615454
600102
595150
490050
725248
7804
661920
691548
764286
824294
224344
149247
178723
584172
932889
437914
532
708515
486825
323785
665125
690197
584781
337295
933832
97484
642577
158578
609888
812160
532900
285875
521715
610650
512351
160361
689086
543460
998886
880825
765155
285968
333479
66164
197502
968226
756032
173837
5717
902394
66685
732661
764525
263618
422143
279125
517305
921136
497976
549800
344174
996728
906834
903602
169202
705106
602607
690272
315570
947555
566859
760509
158931
323595
71358
323599
327168
518218
259614
850892
180322
177679
635906
918460
645806
621791
937761
285164
184535
781278
477592
760908
681317
839741
141002
748902
476382
752129
372962
285115
422432
333356
480436
663932
545552
938314
490561
389602
770989
786009
498009
635178
220222
508630
722395
600369
76906
212704
171864
725031
154534
340683
588694
25523
227144
611588
624624
816227
452603
780636
781210
888526
593291
560563
301763
233353
135072
308482
655891
533570
541704
386820
688980
542460
836077
631490
69997
113319
699430
136250
947400
857371
82984
927659
509845
371185
982365
277696
835688
22398
985677
682134
931198
230637
321145
931756
8541
532024
834951
713126
623577
325443
443671
370558
600050
210581
507379
124103
74139
516979
409253
474847
72790
934299
268323
412529
171898
366106
812262
785444
470679
707210
899737
8420
520752
691500
192364
785419
514150
965470
141191
87787
346934
839993
498268
438075
889753
174729
377685
131675
644810
38057
34093
129925
385956
214907
81627
358482
718121
376514
517992
968806
171167
475100
705057
704570
202324
499551
911529
400324
121987
368270
895270
947653
289935
308023
161947
874991
785836
34541
712726
866032
500317
751262
951744
749471
832407
786256
780370
541442
781509
272636
349415
688634
818021
217799
134508
551755
114512
6937
432179
829196
113686
449116
171943
295911
803719
923603
536602
461262
816463
993236
81466
554811
339321
44516
907171
546977
286484
809773
513294
391476
722995
128926
250342
688786
36941
27103
404667
414541
260869
718128
510160
174550
755205
368669
352974
611975
563843
163616
954332
65612
41894
419411
67334
778607
476353
290128
384730
629695
792189
91495
258194
188765
121430
372923
800043
73443
559036
419449
812628
747057
674073
166454
650306
81237
338674
126628
848096
112342
32103
361457
423716
84894
561172
264509
87933
290753
355610
980085
15720
930862
259768
495953
48930
181105
642706
313894
534328
532962
374484
319784
893946
452718
460080
387328
639246
769279
772931
114310
714464
189451
364629
113180
130359
764534
101055
404838
490211
643301
560935
354729
188243
102176
103
331071
455491
455971
291468
250932
28306
772674
741242
324545
530737
453750
915053
108578
438839
381512
595354
509142
530898
221272
279156
3187
602713
782154
76170
35491
41532
844686
155021
11903
659677
846731
616752
962246
869623
283176
74664
477178
195196
75767
568595
403799
169982
679677
718517
890289
149379
224354
695901
285609
464955
846322
950310
260491
30285
646861
502489
759879
794317
758193
933040
722058
757003
826658
866613
397433
756101
244788
302409
183626
993980
101813
459521
202622
893859
569401
748331
727039
784372
807042
749870
133522
111134
289292
315023
571000
763481
459827
898384
861991
830233
211970
267123
27616
292320
109337
329180
134125
415214
188474
627732
37049
189588
433840
324138
297995
600295
737500
161204
887072
729551
970205
526387
894629
809343
53979
471380
918478
449471
908785
718867
306966
796196
588213
603642
80979
386338
508452
11720
526389
972536
582575
494700
363163
685449
648476
619248
734801
133643
121435
905715
410090
464408
649382
807503
488311
898018
699539
487577
163297
833348
238265
64838
309928
516147
287421
616746
750456
39763
45368
861148
348389
716390
178246
325430
683780
392223
298158
930041
804773
911125
998633
951821
129392
386195
178833
248421
322907
447500
533095
657153
388229
646251
839297
572685
214898
198409
737230
661863
579300
194424
305351
113726
812562
113532
73332
311702
891911
538073
867352
603047
169946
15752
942331
305701
32518
994563
910162
881051
228837
280896
222156
360561
210958
805946
298491
29836
909255
333290
531038
623828
914537
960533
946823
35089
464143
950527
50605
749231
100986
580541
189904
812448
810821
464872
287557
806496
113535
178669
273117
846100
295594
155074
585014
242188
412687
24499
197405
105255
64636
539098
405534
293910
372572
366381
7339
596217
399537
342641
899493
41957
811888
658061
193225
357511
704568
134521
150330
290146
367601
799509
602151
611892
328638
163734
39320
26422
755486
924635
854939
936707
913380
360030
570053
625104
572689
274182
977063
990681
844683
31961
815951
248989
106940
995918
718071
991487
426058
604672
87823
535118
604206
440127
19618
611038
177459
751553
843111
714581
311949
850614
623783
734850
851412
783545
587397
287399
560155
785634
636271
120535
671729
3960
80160
301562
808884
433604
795983
736366
897164
78528
501047
379016
690123
352943
470276
494648
101791
499462
608471
355466
16306
318600
293430
244105
543967
742319
57427
879294
628048
911750
45879
309014
661240
426004
616139
828065
85034
906610
675267
990711
542549
706366
70952
296949
611036
254824
877824
837093
139798
971945
862363
647740
146079
710612
661693
318460
374105
466501
754019
792122
312323
85237
465524
112698
800819
387952
731077
485558
467379
533277
533577
878078
757238
16124
126356
667129
28278
639407
485450
425609
481707
949935
43624
214029
992489
444447
434798
706880
943127
657021
146536
246974
236551
2549
875608
295079
714807
415632
96322
62876
932323
623369
422676
552038
649861
199488
594351
432823
621547
736662
935048
747314
627611
547122
674145
559524
517997
459519
600823
397420
640029
858327
500783
613554
955656
328793
964993
679447
433592
548342
57528
298254
808058
416152
258133
966869
86478
78766
386131
992143
3383
889176
801926
883392
162097
655020
906397
353636
431426
800227
293254
192748
727913
58788
774064
694806
682803
585322
261996
383592
788141
745812
344301
748168
706100
825801
705262
135803
877416
357573
946227
770424
865279
620037
901863
932264
285173
31563
9892
300221
163617
598926
83410
848492
175907
177986
733350
262280
970618
865215
788364
595005
334130
777489
677407
153765
998842
751771
324821
711562
694228
942952
43064
767417
869285
429200
393615
805823
235180
72259
585755
685315
297552
263861
907517
41215
279889
718374
277045
133468
258849
80524
137093
186666
712844
913632
957300
975545
721298
832194
773870
974423
209237
191114
560968
912422
440301
550700
79074
708696
201881
365639
202982
707722
298065
441098
633516
720890
37047
160131
875968
708839
734827
602694
453947
519620
915645
504438
363725
62488
896637
515891
358749
578229
224111
23840
175111
718418
397787
80527
635524
788871
640576
42124
52392
638117
520297
445507
81732
115504
529495
708879
668267
16123
306653
895519
422546
153118
234955
374855
31441
413269
288642
730785
186374
670456
875367
36254
944088
500754
374323
612077
11033
986529
131878
620997
432389
523178
239707
794835
160487
45750
805367
489851
690779
829740
320827
428493
989166
558476
984633
399110
781473
902470
242852
75392
268685
709621
593792
765367
811744
607291
947640
637368
724805
306553
12622
326248
841058
496683
510893
719534
891195
938783
31898
68094
217588
188944
158601
259523
125043
480355
993228
153384
493156
33725
965798
406020
773014
172799
821246
893920
152515
434527
489583
521253
847021
27620
134204
384167
998179
668350
949857
455560
417571
472191
629636
611338
463961
605562
223946
963445
393798
883510
30151
682785
629820
461647
762125
881633
291013
960490
579493
680396
938595
971539
343004
110569
720115
531189
326644
273462
793707
554229
959548
833045
420674
400683
129594
51860
684911
637757
679428
229911
941897
612378
841198
313764
241741
736912
102237
855371
286206
691595
83834
611760
885223
613547
519363
916279
457660
452608
88187
538890
813343
215653
813442
164298
485374
45686
593279
669007
671833
571631
606393
774366
359649
505314
764165
129894
253564
820117
771738
452663
461989
277494
274176
962240
217777
19643
756967
61379
348204
968474
882516
393879
855970
357986
84278
558489
970745
373
206615
605297
774587
665058
945774
16508
932530
803427
339345
42139
712620
557168
498567
283415
406367
771773
521723
542127
835237
142039
263437
736385
193320
20567
210563
17489
282905
7104
708829
372152
831897
46651
920390
705067
256251
237740
379558
457383
279393
465008
565525
391670
739970
734133
309097
357153
608078
564471
122288
287219
226280
397587
687993
355173
361298
963465
773581
189419
489831
890963
136187
184474
749505
575004
330001
901172
75194
519711
894759
340306
413712
872669
667221
212588
991394
28218
518532
230344
167703
335605
965218
103677
199966
76226
196207
218403
611535
344966
410805
423130
374065
817135
661140
941107
472405
961581
536315
858814
97951
313360
837107
108529
159012
831615
343893
92593
821103
792914
744604
356672
560030
869581
54357
520836
885418
728186
3507
589872
634564
528418
128383
51473
662874
624615
422828
426551
304376
800961
762184
651070
772108
315795
712655
48632
954626
476969
308378
660856
20814
615377
941109
22334
25992
112531
171918
181178
127856
337165
298568
535167
526291
415152
451951
424901
818887
229713
104838
683034
836688
645229
15485
306023
615525
901884
897343
247003
15628
603056
627431
510326
647074
929994
3794
131444
885047
508761
878031
909332
957398
86737
756275
205955
716258
623300
288714
316906
453723
344319
169768
78097
922944
147780
376989
771118
263695
371423
159878
215694
497576
189159
802432
8863
456655
469587
330680
576472
124304
809078
202270
428933
650429
814616
407864
533746
542675
86835
629523
638259
540731
608391
311572
318671
187116
858
949228
232775
817069
434960
994474
413126
950008
27106
750314
897638
495611
387262
922027
811612
391736
445627
605439
462274
765643
962039
2523
689408
699724
307216
342222
809430
397578
492923
638607
695623
453752
637572
397486
984037
197476
869410
315949
434166
94882
963574
106408
262016
714631
536032
147311
174710
168017
378622
666036
477823
321700
923586
373343
632031
847983
378095
190528
860036
402541
100784
878236
725743
711368
400597
119080
33021
320856
608555
579156
898834
737160
727862
714942
871457
770777
549901
306567
830361
505985
673107
69699
885935
884139
310349
745674
776388
31714
695333
42283
800948
800776
770746
828480
56891
867200
573474
553821
259395
311788
970621
97250
722958
255056
472503
88624
310140
437269
533657
924152
494266
301546
933133
290607
882439
342981
515436
49822
298788
906439
603589
205141
141656
505918
997613
412992
672477
133252
558462
90065
442474
50692
157230
784285
87454
287837
252172
539523
58374
3423
70488
451334
713355
132210
433280
543164
256763
632277
807283
594400
77874
609860
401188
49730
229348
344499
220957
401310
522634
269112
73597
144649
673831
697413
216464
227463
142390
970578
862601
697274
299314
929817
321950
86837
57985
823291
205696
974703
684414
42240
692598
325779
273826
573884
59541
243892
733262
746637
413598
797854
323895
710784
790644
707592
641518
31123
433912
667365
958731
915541
486979
894809
676470
42666
962111
522569
222737
287403
759074
644811
696581
55082
774409
997245
477096
365522
202733
176305
885320
592109
538692
445254
301911
334272
926838
322322
527730
413777
384058
111611
796623
805897
800461
647077
841923
819892
171343
323653
621038
320548
269498
131220
35972
708022
428799
309792
142712
50668
318015
572924
447815
241081
355618
583832
684446
974364
146712
334443
32808
890020
925994
585420
137720
56209
398524
258913
438992
830875
13345
749998
404748
122444
403227
85839
755182
578120
493102
511681
946951
103085
710111
819162
921022
883733
963662
821657
555648
512760
515821
994264
529028
8751
179612
933854
321465
667027
519907
395089
744783
202500
355467
728520
846751
642630
676761
868287
537784
261573
674664
518692
945927
705465
653730
991246
379746
623588
276250
544397
944241
433976
313609
122204
53305
297495
191396
728243
657990
727986
256918
295865
910709
853330
623199
136087
893788
847029
768969
449704
409110
827664
3778
911372
271022
308276
387995
946140
746023
650827
298396
153975
371109
688961
349121
882683
168060
360319
319062
306064
112276
115026
543978
20126
862901
106922
679731
912991
369717
195839
534014
655694
153403
930702
170704
485694
979055
319042
694623
284168
10880
861869
269286
779741
49041
706357
70441
637242
824513
792076
567429
751481
334101
123543
84466
719555
637061
655024
957913
872675
349024
525511
999052
614134
120668
478371
161574
680703
570110
794694
899777
853847
375906
987183
542669
334785
123624
678777
242387
553307
61435
487265
446919
205553
971839
942821
539459
5804
85782
867207
782694
374696
311567
207473
350152
345891
190829
180082
876504
592272
561999
617190
459669
933196
605505
198068
430501
561128
402782
414962
450645
194084
640927
961443
815982
535357
135813
713568
171120
381406
791391
548500
462318
242994
402168
710944
131910
305689
611233
331616
111994
831160
281430
221253
388080
796651
488272
188961
751682
354646
258279
597762
141443
831385
166817
67253
442383
267361
210907
197804
813390
280027
31122
879930
955525
867524
20494
860730
304472
967773
605933
28816
492832
418106
711816
289031
333029
147768
156228
222362
344056
144270
630327
509902
905904
288637
394804
526780
188671
10529
916853
97261
748272
490602
980516
356126
405631
845540
352262
564514
30612
296305
727492
486759
186526
137689
492376
480528
44424
584696
513168
681986
281499
518229
877122
649211
947120
55891
835917
54748
694480
529217
521543
500487
844010
870668
223880
618403
217904
544596
910610
235132
385614
456795
111388
820680
116295
863834
588345
745412
876398
415086
4522
621245
570623
904560
21821
458795
242840
287842
290079
748984
683031
822148
14597
978462
213329
927239
699187
925165
69227
270617
953384
649644
215449
150623
342118
514136
54705
311361
47073
507080
713323
954718
529028
721840
3511
531360
713626
750468
760059
237355
287455
489972
600936
465647
754084
357974
584504
621469
466393
746722
330246
4855
910586
117846
434121
354111
803673
767162
85038
759185
908868
944446
995922
273677
528402
378495
522777
375916
102671
857576
45102
473908
8961
738485
947607
283078
204311
78099
159795
589909
361133
30116
1555
549681
720446
342302
534707
713409
608999
15315
426964
363088
720084
342219
654711
328126
996809
95693
775351
458966
10767
513789
316548
53888
434681
244191
36088
442061
597714
191737
219415
556848
373732
908503
127784
792332
44839
300392
506858
729448
13829
426822
793461
211200
717318
859027
529071
605045
988445
428798
113191
127844
787022
330469
351889
508499
716730
668693
312670
296136
106057
15660
245559
646900
528050
211360
562199
508301
73194
366936
837187
115065
991270
505208
464870
67174
97487
298618
340813
570806
495874
564216
848123
103000
270016
647174
975146
267186
67449
668603
173343
588794
615600
941969
726568
470436
518346
935586
823669
119157
140345
164498
145041
523959
643584
120972
894203
921477
475362
495140
153381
214470
989995
535132
888200
578806
205914
366274
789154
833248
970153
827639
855373
598184
848059
381706
997501
527492
715169
902978
820502
55435
867465
464955
803048
968166
356484
714151
644040
615907
910643
185142
640268
394920
199949
821584
660898
636804
354894
226111
508813
976737
905215
597802
211262
415254
150943
288124
858955
900889
543723
509412
568526
622994
665999
138869
578589
862090
306985
507693
240225
890690
606134
748370
715157
733664
103707
618808
966877
615108
53522
509216
571712
744953
431407
56891
237700
875144
666382
877516
519717
882278
231259
529579
874161
310925
797374
705189
390851
631144
713761
728193
971610
792231
208159
213277
226005
344179
740362
777335
989773
790267
981785
287177
284303
293997
619053
707787
388788
458497
103934
544156
513887
109423
763430
627899
979027
864577
730314
510511
121518
619906
375649
837447
926726
863190
810786
549564
978143
74211
36878
542194
400070
629741
804311
937053
827213
636032
67372
545025
546146
362374
440930
227537
909134
930744
405888
375929
587784
54833
602983
345143
442931
728415
534428
483940
623675
882514
980532
610961
501191
100983
103707
61964
967835
742366
598016
357954
279758
789366
110113
744894
453154
671899
128686
653584
907653
182982
402140
943241
504675
794275
531785
270498
183526
380672
960327
785276
942347
387809
935816
12226
46882
588400
544868
566122
367650
432145
702985
910107
889126
295188
638079
524713
289736
603396
938838
962747
287321
614364
105839
909262
555194
596761
828773
948690
325210
574123
845462
781490
420940
558341
8529
107313
847043
599060
655134
730480
976045
499084
614500
890572
38634
489949
691707
691044
31400
815556
635663
277496
719197
302655
936493
552364
632799
89561
745581
85356
956259
875811
599868
382827
985616
487939
998725
352708
988031
650022
762492
907137
279378
28881
174407
542137
362542
856981
56073
873427
79638
824801
190411
74921
990629
686001
187849
972489
579816
581476
707735
440085
372502
950444
161134
939338
626220
112863
811416
353693
741545
39722
777843
477121
405027
76836
509285
886278
978181
68352
207708
283547
741990
586781
181376
531444
6598
654072
692408
527494
95271
232577
232086
368303
617670
133259
500960
206835
374324
882396
215420
263074
446486
687844
988087
518485
197621
242507
751602
89302
577219
975139
682089
454239
369003
502205
408929
156283
278419
637527
305902
750218
509617
567347
178014
512544
721095
338562
900038
516428
260028
568063
204454
248373
265433
877145
154555
48032
353180
138568
802018
201615
503420
484161
956452
791364
340859
719620
827106
946084
125281
855891
313310
964790
233562
720253
67299
541514
309166
692952
67027
922166
54744
495436
931211
573116
524870
475532
207668
258376
229101
783136
96681
946516
558725
834078
491648
72814
292648
378872
141111
762898
879491
14702
105789
834609
361206
24740
123290
424083
463182
922446
574907
356056
607196
169287
956254
484954
479090
543746
214230
746862
613945
402647
481084
882122
606514
594431
34610
374848
123911
987995
754069
782376
869965
193774
197374
805788
12697
334636
542261
365533
500028
980650
847092
375636
318236
935796
840979
848690
690544
390589
588116
576312
205783
609137
154317
580115
157910
227559
498094
494623
763180
387954
961454
198028
344020
152023
741527
835102
412951
688984
935018
664270
835723
496239
402416
951630
274284
168918
702558
135210
186708
595523
89956
556554
83034
20786
170834
661268
304325
406170
519271
636526
265836
916225
298552
348513
618347
274347
674874
562457
128131
611182
967980
427016
353551
781601
773795
299115
35935
232179
596595
926373
331507
478807
841271
325063
785750
740509
45310
913201
214804
279324
726418
143762
19801
412940
299110
264522
331815
131312
393499
218801
587251
366000
658159
491889
18589
340676
816579
748750
503435
644493
247303
553798
505953
859134
323844
1236
520222
277815
816901
199502
881494
494066
69987
140910
997127
589398
374316
573293
280283
968297
670895
11275
728826
883619
933031
759020
251528
388893
337730
628828
117186
21416
834316
639155
986992
971386
877181
221524
392264
877764
863771
483791
11679
747231
443533
992806
466252
337252
4862
273645
353243
840154
493994
760139
867243
994378
295240
827165
130661
323247
820372
285497
422553
573258
316344
153871
472055
155538
148502
846316
247462
195079
595253
161496
102532
543847
852677
837920
233787
654778
249552
483118
183292
838856
689920
45652
847707
912299
817607
5159
902215
269887
698094
532040
35108
574837
73086
576574
579783
574855
975429
433215
572813
957126
861573
990222
695128
2063
292159
356285
445096
677340
338071
990228
217554
254070
954468
992266
322783
127432
628502
563952
318851
79
175556
752685
100983
261294
534930
988196
316598
770654
319291
349362
587089
455683
855681
811475
262128
864665
850798
710052
914406
324941
711109
648003
698159
408488
187658
628178
284809
350758
825643
847131
188396
21797
533450
919117
994150
244601
967400
683045
486743
246364
663855
748264
712711
27587
536412
321932
405535
557132
811975
587767
915595
406802
242768
383327
933865
556899
714664
980304
301678
416969
363897
236492
365206
490629
561523
359628
90565
807066
439604
848357
748031
986245
784787
185670
883521
298762
289034
799582
73658
903209
112829
486682
469801
121008
132331
302284
448020
747434
330160
32039
910370
436021
273396
910695
919062
779953
377844
277453
713832
748244
882027
210760
931201
774491
664412
485487
135955
31579
976319
748587
22740
403382
315334
647858
871701
200488
207242
894958
64835
811969
711703
547260
295608
189997
80592
8015
681279
837743
506945
152565
739491
690604
779264
653106
677924
162750
859208
134227
186555
128879
982680
10369
334389
321620
131170
385571
650305
830049
48809
708490
482220
623824
855218
158982
295094
297986
935018
33765
366146
246093
892647
854473
807782
984806
27143
860709
230947
481004
791733
495252
521966
238607
725386
37334
666349
182939
59471
827175
614909
732901
448929
820414
340656
621968
272750
742367
707028
731260
177435
75293
140526
806797
671304
926128
527942
203475
674923
852782
202332
185115
17177
302314
440504
60561
50659
935718
382687
685584
649821
348149
189538
906952
368634
293170
675088
867275
101843
139926
442507
953204
936838
547066
536824
228084
875195
542762
241488
46842
858626
81250
809556
119871
424600
196456
537373
501611
405769
972741
232145
965031
184943
8097
557809
902976
363288
636986
37264
88372
395334
248065
611423
366109
393423
37393
590819
679479
927717
180109
918471
305360
735600
913876
704269
464843
21015
656612
166496
99280
507294
702728
203718
864340
418922
647295
524401
834048
870815
211947
123380
588609
519978
454898
730515
659883
572570
11061
840563
888586
770665
55659
312112
244423
856281
844121
634254
484660
758906
595824
191815
570996
639496
580099
629890
418890
439473
998051
726757
142268
682739
45657
587521
818531
683876
98495
282348
244178
321163
699579
445996
474721
869612
125273
392143
633493
207330
994820
745688
133677
2788
342433
567380
888140
71082
42504
365642
536318
284584
580320
889040
583912
191097
847382
431738
222737
777623
952058
621166
43527
691463
201654
59027
537967
746450
604139
593192
799149
97773
303722
725425
707819
278522
519115
808203
420490
227175
2158
13985
868195
310068
803276
787831
44025
316563
993208
8932
423037
532648
706808
91356
397308
212720
928186
323627
23465
617405
375285
613118
927555
401055
99997
354652
899874
243423
561602
773554
736292
946981
356358
37963
131630
49849
14649
612894
504033
467174
354835
536961
290459
640443
318285
943740
675559
825067
839260
904376
922882
943764
275275
608151
907211
345756
264500
66077
418310
873720
815130
602635
858252
143815
226342
690252
498707
376218
108860
621449
387862
178263
452218
127447
320865
58163
932109
46224
548667
315612
541999
850687
636655
669817
718401
454325
355705
342089
199232
945208
944138
421864
721511
282843
658808
420016
411554
247465
657861
316348
599274
703867
544715
913800
31617
554729
383041
922292
124108
359581
71020
482215
82312
652995
787876
438928
943338
340316
735809
324360
478679
957170
265763
74836
616637
788646
809435
633286
441420
323685
492154
37954
216533
242873
126707
999902
483837
343292
352175
517859
752605
240295
804078
635953
597498
183688
713301
882366
271260
491986
106520
482047
408461
559118
653764
316895
520496
49264
738409
385196
875259
292484
560291
360401
101842
786055
521413
170686
589761
628050
17697
372068
641430
377713
753397
445724
342617
650131
791541
369895
666281
195609
61552
768464
102325
662097
962722
124142
119379
872508
306135
591942
781440
853579
514679
729293
493621
208105
277362
762634
171490
882162
392840
50650
809674
270849
894133
637901
381498
530534
448376
414894
889127
920119
270079
118177
917411
109309
874865
732708
773308
246479
841751
748343
268465
191613
453032
69336
812882
457443
568111
554024
652531
417693
880347
366057
630284
626905
510499
874601
200560
620039
228180
606648
756904
287086
8696
925652
185836
52888
66981
369574
101181
499310
962719
470309
424226
795934
625259
518937
19964
923384
100209
736506
843720
270168
258124
419191
371889
946622
90994
715922
987280
863418
731771
484584
94209
688770
171728
363471
10211
814374
355633
458904
238315
483930
755682
148787
692709
421554
172019
624818
690121
420397
108779
113510
285366
241512
488336
536613
898382
31347
102998
695405
413229
428801
300258
103203
339398
74041
978425
347316
2652
94633
732937
725597
475483
71834
223956
882181
109841
31230
571381
967431
909516
211142
731601
169166
782416
392272
509979
8602
588213
964350
708675
734175
16347
117090
565308
538956
744075
643989
642152
373225
604076
183847
125923
486937
250207
991984
645353
585663
74871
591301
215269
246397
439128
130247
601623
207448
365035
339413
175008
755383
895099
857249
425645
544394
506031
267104
130942
440648
293156
453787
30802
583376
699814
135395
784817
710641
3212
273057
98517
248133
464557
783243
308470
51448
600962
361331
654449
132903
703834
225402
684308
277859
226548
809057
794376
658836
347324
258048
768924
750714
669093
538703
478506
56975
77151
776289
911272
195593
256310
416369
965005
496891
217479
470869
603101
485851
497567
733007
219667
817950
721585
689091
396139
20159
947444
695746
375881
449759
137111
991364
131209
790151
518434
593525
203044
362377
401194
230566
660795
166148
137200
524964
632579
211845
293848
664998
168206
730059
437505
53663
974322
824355
241349
540596
291032
49394
668750
237832
821539
839313
743059
708274
557754
997970
631726
365456
423604
14177
130780
860981
156191
858310
191120
326909
141549
545543
654516
309186
27516
908779
759549
292263
402240
835161
831081
659985
70800
147230
144920
251318
240521
450189
365380
113741
335971
746880
589279
829349
51534
446269
599880
625554
842504
617589
508585
187458
966910
927334
582768
432109
152476
94495
248359
19947
279027
284195
168306
476063
299526
153255
423717
405585
188401
513206
746879
123546
604599
68213
705799
76408
532391
20672
810114
434177
81897
472370
754446
335541
776234
440644
992607
186412
970594
483597
432531
664942
728318
597927
666675
923681
662319
367346
317320
484765
887951
84338
305816
499548
611115
583892
859132
789005
260977
35982
3231
305607
442871
153571
963989
759003
970533
798854
596181
770562
712705
741654
670357
257205
623829
471368
40832
13852
396863
523939
864215
123358
103829
182180
515169
591703
809778
347649
428560
174247
278498
738891
10098
138983
647654
622508
625872
216055
37348
563472
606759
655411
661102
521313
438080
888260
209837
468906
165870
431442
162858
890717
661412
208855
831224
653103
106608
451919
633346
827873
306520
869196
411885
917082
216144
285734
893801
594096
310100
882767
105049
542662
719080
308228
883741
149327
954922
46303
34744
110129
326033
745673
731427
553668
900036
209550
925805
440505
69913
636425
105421
865112
52584
239422
211590
880737
434124
605190
768565
535572
870262
829349
54650
432077
657965
188727
836609
453511
494246
764617
4972
666113
856123
99141
497951
663037
493259
38533
743847
581733
928047
249160
322695
705801
833428
263682
331553
607171
844282
418701
406654
595132
641736
289086
283770
603335
586057
628115
321359
824234
64199
259720
399100
55166
172162
575048
429329
447404
103821
973696
690970
641815
873094
739088
516198
141464
341552
262875
322098
757732
292783
496510
469687
136907
926751
17693
733773
134809
498065
627289
507322
383135
323554
637534
904220
965388
31226
977560
252910
188660
100382
146629
231994
423923
628787
971238
662299
44267
467280
698767
185134
825128
304702
877726
721877
591397
344591
478024
445159
506408
859671
21711
177976
870024
703500
220111
128896
462223
344054
290360
563498
899706
576978
923990
260347
436765
690249
18956
640029
73443
563976
366048
924040
153011
873532
141295
460108
944943
403243
337217
245308
569366
10930
950967
41786
120649
444503
38497
236444
404587
151434
195500
786488
577505
752253
988601
59410
351289
388444
229896
840030
908902
401131
588755
953971
216809
834428
222647
474831
610060
583369
501773
317313
565577
585395
793112
849271
393479
224664
266262
825892
345988
218763
525177
928269
577102
300979
829360
590705
632555
70209
496862
516051
975832
677967
391788
794277
96942
177490
419706
512531
320353
611004
14128
613737
552739
275505
920051
541729
91110
219491
368244
194893
695166
212620
937314
764509
560996
777927
832767
759566
62807
331916
318736
842800
761884
839366
611374
850257
729639
493843
206202
654539
988050
660823
356334
536999
879050
613693
786894
140781
912457
818572
288061
686794
459837
462817
40427
750300
118536
294159
332332
138460
570529
401423
615332
396200
690775
386918
431583
797164
513654
165522
521789
713772
102466
231792
98890
530097
383840
583405
38572
734990
14036
224614
769077
968718
635493
986335
127833
466301
346205
900125
743225
86031
917997
344737
201501
307312
424941
394177
88705
602600
531072
335332
262
129578
960278
665945
22089
803131
360331
311252
335953
239994
438508
709383
132386
910160
693658
867802
426542
237684
326856
672134
720235
389211
211167
100819
662336
773243
437184
680556
158297
249275
738473
587804
125530
684281
632945
110631
131567
617335
146221
425543
68418
673954
585013
202946
933510
294465
813313
581732
537265
641911
340908
472926
819206
301044
137243
341115
305872
856190
364215
156731
820778
481688
125013
344718
292987
979468
602423
640238
597312
188570
509100
692185
596610
690173
77586
154282
330854
843414
146364
122259
192867
999992
976494
546426
214478
454415
220805
510061
65937
443245
145524
181506
29818
802227
938985
586191
929455
537752
166733
50306
972416
533849
561579
702495
669077
755837
962792
659797
398278
362116
793584
460155
855113
11307
749554
623084
436166
916767
193153
402875
868039
755964
493211
802773
724683
942144
528455
188210
773242
729680
128279
516791
564210
35431
602061
871084
820031
522519
468954
314133
247530
713341
298241
487215
662568
404614
263131
924808
581683
924503
863859
244475
76215
791774
598097
846408
945378
647347
890644
167500
539806
326122
88504
542177
856219
464311
517944
452948
104517
228350
610957
943359
996693
75703
13716
222531
536900
830715
589197
229540
743321
307437
687296
854721
435619
962311
199482
954670
893635
390016
646069
961072
969569
392151
123413
897556
246015
106815
820111
452396
298346
488167
127716
995047
581196
449509
308939
375308
320223
705918
222381
770003
648444
174676
282314
896544
350802
81837
407545
537949
641970
493148
590604
645810
843078
806414
581778
171684
317538
481395
148661
936711
271922
500870
592260
778017
410835
799291
713228
882141
521791
780805
543647
257513
162912
127041
130550
595948
437701
552578
340338
28839
494258
501049
705022
741799
960081
507521
166097
348708
782151
609477
631952
790714
476002
95695
76496
358977
803950
640237
931641
186379
997607
659778
84806
158201
105224
959846
711528
93946
796866
998267
513419
114978
157896
609933
775152
341219
536903
594853
685305
607338
601331
811115
716867
974168
84989
842869
152109
955995
914785
777648
185272
426537
919259
144041
688519
610649
178617
146937
947205
852125
11340
996491
76773
855968
567480
828107
338692
984504
985963
411117
671980
952456
294442
152791
597682
23861
670407
905068
929791
825347
856239
228662
618283
595723
963104
910895
920069
661339
861047
494957
952495
10282
447527
226535
869798
680950
3718
581800
889824
214908
244417
675534
89550
297107
813680
387327
338177
287462
695428
953258
787433
161548
668637
624053
350008
315782
984889
16456
54500
108820
962182
480757
62540
412148
248024
846851
127346
237560
733045
795862
345063
396675
903182
500668
322244
762464
153161
29590
657748
140414
343353
856033
849231
39820
294575
79712
142849
778669
816618
832808
668362
632984
556521
308104
813118
132240
627425
222610
167340
317754
236811
60362
283260
375136
917781
878123
967602
748289
557880
924304
90639
679890
232553
400646
22934
920789
654505
97259
264300
786197
999799
226818
225048
82107
34470
647511
132395
539984
311049
268425
794873
373392
666826
599097
414149
622439
86874
793166
715515
613835
434114
433314
96598
787317
112536
369292
820706
583165
826510
999754
448411
891601
804453
689739
559093
463249
143999
546327
904053
995787
440145
435484
877180
755854
504951
742230
886436
454125
596257
546585
95235
383954
859691
696702
610061
86204
733899
483560
221782
167702
777763
749362
985972
123125
20983
224823
576067
704878
601208
571005
872578
437202
907455
986814
478490
610824
547157
4629
726335
731333
43119
901698
439727
451178
828407
447962
89816
13817
797509
900366
867798
649141
716524
529045
12250
456598
586865
218425
433190
541094
691479
603259
305460
244219
773718
531428
34935
817233
862698
413610
730105
888579
133319
791419
907299
80998
545257
837608
909083
493827
593930
928881
234503
968494
577581
960937
341681
706503
18904
905606
66371
717133
923166
352071
95665
961946
147226
526466
23925
195839
855736
344265
905270
741500
636909
915896
563970
265948
455815
523422
893242
919019
173022
815302
619789
11541
481066
252257
532828
715101
196654
48145
936317
283766
671891
101332
588316
138882
562575
743883
706299
245604
40452
669606
365849
489348
598437
449263
326897
350175
908179
474799
616217
702279
785542
395777
304331
280382
455526
879793
16641
25451
369658
625295
350009
114871
942775
526166
749528
800583
338810
417716
428331
182422
49426
189366
358024
432045
478452
55186
935827
133634
967313
756304
197341
588587
240453
104597
234214
927549
68966
300045
422275
721669
581245
57076
968539
324578
574225
359362
222987
326334
953118
290481
480169
440231
453605
184300
125350
980110
327773
44245
530893
583258
861959
90739
151208
51626
566943
530423
39681
483174
291438
648873
515270
949312
250749
734644
759494
64205
945188
126474
179608
477562
492032
274741
932378
474476
102978
601980
486167
928184
794852
291054
415042
605500
616631
107086
58143
484120
722969
131546
673985
912012
363714
401402
267886
923120
819453
436034
233822
833226
869235
632932
407778
25487
889250
111925
94306
93369
827885
269978
734207
857921
133198
489423
651735
974906
832551
80531
738598
440074
928629
211764
126729
363525
348453
152242
607199
582183
875073
499923
127240
300846
861315
650627
909263
268882
920842
129957
466916
58786
373610
453114
251394
902589
139998
840236
363631
775017
620953
873720
411682
670739
627834
506231
986238
349923
105693
708807
197245
510459
921741
917466
915176
478093
944152
225691
670274
732822
503420
449080
284741
665915
433981
758224
378436
673726
480344
822651
735727
478941
168977
304688
743157
245191
558441
315351
945604
421052
597996
952108
513388
726720
628518
280268
576033
400507
154357
865632
291039
404720
553466
802851
35944
174296
983657
513809
644777
935066
524416
430702
235834
509546
490645
683311
393924
431931
483400
575689
772222
979810
70871
461589
434384
272463
64669
933272
324876
293856
602374
986762
504179
411274
356377
120562
184909
356596
399087
609173
118373
21211
715257
153973
86500
810407
839850
974324
665091
546713
733633
573840
12650
948385
809334
28557
382378
78477
223104
82288
338452
995483
581825
865319
790132
146159
41616
421446
352301
910624
31584
59628
841266
834284
85713
293700
356702
615436
289299
15271
755313
643235
654195
658911
378856
283920
200068
439431
189880
204642
177195
945166
285990
132011
143814
92698
434502
942637
20729
111496
526414
601713
483991
52882
528597
997687
818922
400586
458734
856840
404192
279811
799707
93159
848914
144399
47600
278950
362289
514530
147270
336916
150607
975637
18072
310420
166920
786119
465853
949641
52043
759134
811202
78957
46984
953515
872291
252161
713400
873451
837990
335967
206852
705962
205653
264939
673491
125187
573654
971432
654387
853762
497320
216742
387299
312042
662908
938521
550842
376658
263214
628934
533112
768170
503902
107478
470376
123291
329328
32333
630638
147340
946780
625172
719155
75522
831922
470194
877225
656351
808302
926809
389181
280843
909171
327069
578713
825776
703080
729664
29075
568735
521772
148328
962741
50512
820279
224626
613737
446598
719822
901471
534529
391953
744162
337196
317281
346861
87046
323392
154890
198920
332555
33215
86019
217953
617851
158460
339877
356108
755630
296139
439236
965330
981323
659635
498357
565
311199
44226
379137
538833
183379
306427
65061
332765
31693
379947
774786
746385
817958
922586
17703
9314
838147
979164
261433
836265
407442
921031
861757
585761
91683
344191
970882
126543
397664
752236
63150
415036
287211
277773
569699
307230
104723
976358
446605
387605
654322
429077
277962
491281
704933
945859
634039
443216
34601
188277
114644
240517
885390
901890
514387
4756
310363
147039
354626
326586
342143
693270
450449
903754
967151
567190
644738
678290
175584
59875
544942
24028
20835
98542
965998
336336
577624
503423
87340
105015
602192
985550
398790
945818
247619
399218
306139
351497
654122
946545
381558
293175
440379
843446
10581
442115
798271
420064
368021
226705
876817
775158
226171
817687
940405
681785
770465
621236
171986
585298
956603
493434
154637
704299
670661
290380
753028
654682
581195
403747
772708
920311
141972
612651
112104
990286
302252
898186
918638
923760
287181
872768
351479
511076
864361
215145
778683
590907
485271
272736
808295
617473
961239
107198
633205
57359
562627
689536
205157
395198
736661
181446
899613
593782
816399
633848
495450
660772
359115
152387
627538
692810
106271
612097
927080
408560
151084
710263
577163
948216
266756
209207
411948
129999
346741
301606
455834
867200
80246
858392
274043
889378
112493
819543
26217
981298
284059
488643
290598
482235
986277
257235
743422
464369
503936
601273
996088
680414
504631
914340
230456
392116
331548
281823
167924
115328
851081
285015
868753
740160
954770
810362
14553
96971
352009
81594
455707
459566
930796
709360
271520
71704
508463
575198
904453
926955
197538
86477
545594
640306
428288
785109
372117
839154
535507
618107
321812
367769
928262
349876
667566
870675
374153
857032
68308
914748
582363
928914
936457
566320
496439
832036
233435
260925
162589
54727
109437
909818
67387
942751
463490
470193
272056
684077
220280
172983
895710
854959
196255
160349
36258
112866
571780
436799
867088
416616
382207
384569
418455
181444
658821
269754
866927
694657
608363
529712
425634
484402
881208
994915
10558
56277
526501
467998
557910
945553
66419
856775
84719
486623
903017
804688
182094
185797
485161
92998
532828
791036
94190
63303
852211
430387
249637
490193
291399
688556
65444
258613
568692
885253
572299
685738
207647
997137
262838
779005
773900
535653
338396
890790
194940
454959
623303
515574
982273
241151
958576
21549
489440
169834
1014
871273
448928
846339
728251
863608
962293
253834
132187
673550
433732
234017
874826
998738
897107
920633
882249
542099
51919
510412
241221
693400
409848
371011
747212
322068
627501
442999
440556
212024
53392
798932
742314
37155
461717
722842
427548
273717
282028
746173
29412
28033
534665
553517
374537
964448
268172
693680
113395
388898
928786
178346
521155
425376
814487
626047
999693
636141
199238
403343
795763
488683
719328
212704
403167
201273
187588
144346
294748
305802
263776
31339
265490
542737
93685
235850
309084
780120
57600
864217
592264
37616
23690
513060
225770
172227
760014
872263
392925
867845
505026
20203
160215
707465
420228
630896
447400
804656
823394
193383
804367
174780
586118
98230
673209
713475
591228
634591
984919
159486
232290
372058
223322
207105
668139
204894
136398
537093
269391
589183
779664
763425
167507
644913
384558
341144
391536
549674
651161
898123
981667
282150
701897
836623
527056
268804
591470
565849
800276
20622
365710
915798
793958
939222
575359
429399
615784
191547
261955
189802
611600
503371
69499
789956
297645
360066
10314
815834
995545
399409
589255
204430
255354
605050
196126
475910
355700
426551
456900
56281
595887
806971
155860
774691
767808
365232
151947
476792
90294
49759
841628
695669
269828
28431
725937
242930
454342
455876
317824
915539
698801
847529
932421
436926
991516
232008
276513
144039
603301
456309
671119
354310
954753
39179
251775
903978
182436
985550
278353
491176
913097
29488
88815
947627
659935
74671
795591
785903
90128
17179
645540
709129
231790
782581
682920
67486
950396
224627
766632
806260
373719
22753
198052
624101
795392
703713
171873
640559
429958
387795
379429
276969
518228
916431
862159
263633
791957
911759
734544
360256
832319
290602
689802
643454
195971
427003
606595
736498
853328
909472
502662
572082
49598
272798
116758
465209
655518
883682
207184
934262
486555
3683
841244
361729
79756
504355
979727
152808
67418
368339
864929
10664
315657
31574
781638
158903
238628
65694
185002
661182
266953
854067
862414
236389
423502
713170
355258
41862
562895
536370
681502
537859
964182
278881
263689
507763
428197
993869
656517
165111
85090
84639
981517
949867
752288
860418
209451
536504
576966
419650
894834
620551
729118
672975
903061
651088
290172
11872
216355
551376
292424
346996
415776
364953
637163
333043
845889
802115
46802
837492
454275
507840
647970
683800
235688
219022
987832
303955
584143
71237
286235
119051
876591
487760
923649
314584
718576
276664
12795
138348
313381
962844
751293
589836
236650
143101
283598
681404
548119
34038
118472
674681
903710
262025
98829
316320
5895
423827
72774
526060
635652
705826
289945
468573
799731
437213
31399
112563
503985
564257
517694
714969
716181
833325
397538
483807
270992
169395
936243
799392
935583
520015
390907
65987
89962
169427
471446
319452
209021
680705
574654
260082
699104
859922
663155
115932
378708
470131
32067
187204
937453
713871
132219
903437
925255
106887
204906
718929
768230
910335
480910
526787
962222
477906
26974
997044
459515
764709
101235
635249
565534
638745
889236
299401
50613
170714
605149
594411
503718
294740
796746
324014
556600
968774
79973
338987
154253
442095
530314
862789
126912
187812
180692
85961
658391
685123
182118
501808
74021
431042
240856
376257
142015
64545
5051
353363
350936
657854
823307
284977
891516
524935
582192
5974
34405
449545
172081
664919
407934
973287
272886
36000
998129
758439
64055
488726
438447
685927
625479
88348
601916
382637
913207
633521
527347
699035
37992
879607
102302
21825
4593
252367
481770
553677
799465
537503
96522
589725
639441
180341
933867
665717
804769
336837
723983
864524
689709
622670
828553
413569
767924
996443
691539
472619
605893
464934
286287
579086
866447
634583
147673
46505
632835
951722
837125
6508
733352
805742
141946
980294
840891
473769
306090
39069
677184
116633
107629
243799
258985
693397
134521
165333
348258
898002
180160
476864
301175
576834
948582
114747
536483
527511
85086
553400
24438
841894
288800
157222
987105
68134
54152
881160
301665
268055
980622
66593
614598
586111
681886
725260
686751
797199
726100
155944
297412
239973
619094
817648
347392
735019
275469
631272
87705
930908
887936
9139
709885
418343
955087
505410
943370
508140
748298
43367
471161
669411
548332
828167
767784
43548
342135
505774
987140
431393
195885
358461
424336
350199
634728
501630
436948
385347
192535
248536
443492
843594
825877
651934
353803
538257
767015
897921
368661
686435
974290
394534
549366
111409
426967
953426
869466
146451
281549
823490
552394
553325
618329
890840
730808
767533
154699
759279
883623
872944
320088
192527
911225
124740
173424
787644
798806
812424
621628
99625
99447
792944
725110
871498
163404
382949
636068
786119
550736
256009
35890
599436
328295
126104
134315
788093
998896
334890
888212
800519
64941
550869
817061
829778
524876
867823
604708
153874
902610
125808
673248
104317
322723
859766
417352
632535
80048
704035
109158
273129
461949
726945
118075
541328
915406
278406
250295
222001
138157
451154
802325
657354
811035
389269
789713
231972
801361
139950
957703
741093
564337
806638
719658
829505
454542
193178
775133
998545
735636
754703
56113
156476
750614
884608
925820
764625
887026
271132
881234
622775
674659
151435
688867
371643
605731
924950
399409
561609
371963
566758
233643
525174
191272
505956
144491
551354
645740
315584
937161
708411
965486
595149
993626
340932
278350
398410
624585
744980
712842
241660
624463
346387
483398
797110
792722
557280
570619
325883
731416
307973
191039
446202
351462
395340
125868
562167
699833
207147
369264
159243
234464
870618
740017
728322
113268
597318
129434
375202
369013
467806
899271
173195
810051
563978
342409
208698
145206
954683
228630
763431
682906
409565
841808
224271
719178
477161
676720
723212
34343
921560
601999
639135
191286
359858
362001
700880
350356
441412
374766
750892
16022
294768
55646
707118
200321
409503
599457
695928
311650
745233
214120
317760
226444
259540
648355
336072
978540
945299
528040
255621
741450
498566
88189
59361
745694
328135
121474
362972
84749
766789
709182
49165
529215
511057
889668
115015
596701
153238
595009
726871
360428
472485
148005
289065
143617
48558
335660
670474
664736
387916
851208
894856
120373
6327
262765
480437
693358
997341
830008
535563
600947
300426
311485
307625
71171
73219
481515
597371
964908
731635
812254
428857
311591
625213
943042
525638
617805
88752
881374
138488
523002
758936
147652
313335
6269
425841
190868
338366
318329
958775
910760
16447
441755
197785
930655
952803
721655
717643
552649
872751
16514
368443
267052
695746
774246
376283
372273
608699
395206
311581
562798
963319
642190
561853
859217
364343
215093
843512
232677
926497
697938
394394
753412
830301
37592
493365
972762
875296
301936
106093
562321
413765
857905
388657
624926
676055
30847
16068
2216
21355
641469
844921
97488
721322
310640
974205
840673
196461
573937
223822
142678
292673
292814
419466
755714
399178
614911
174370
68768
224835
374080
299181
602551
620707
513871
770905
8938
318363
408324
378172
356506
370556
497416
345800
560824
326646
787123
589149
854442
856444
147846
758649
377881
482819
178306
928715
15445
957032
994723
626213
741158
765233
444476
881359
415152
576555
67632
245495
50945
330291
998026
254023
993339
880593
846714
765199
815449
479359
630573
777569
607327
795335
986695
633148
4002
585354
44672
949408
290737
917405
506712
315584
616863
687629
211512
381142
461934
706947
224551
294416
699162
227459
629797
21800
911487
488654
135464
901201
717671
540904
493936
216333
293108
19636
68553
662620
196134
187451
387741
112398
94474
354315
924275
34682
59136
950908
501128
310151
149671
635982
812424
664295
654631
697902
842025
329636
608474
342743
567269
933266
450200
676821
542226
324516
546333
505445
828511
117019
722905
148473
337517
982937
442581
50776
547847
710036
25597
342049
860992
530086
788110
299823
868968
134145
178460
670936
40426
640319
179904
640016
186693
228503
501022
204779
785637
480236
98191
159552
236829
416447
254063
850665
259012
91205
998020
176870
178345
158036
312521
900129
358900
205814
506519
870604
247642
410528
495279
87014
554684
666749
587302
678173
534429
161763
866733
46350
487806
178151
680060
945384
142424
661452
553435
54446
670901
404374
57997
953691
853356
306941
345433
413087
359927
86397
485046
905416
999986
310218
470140
981939
217953
803583
567394
92736
76922
254843
867745
136305
902170
694554
137664
551203
870788
429906
394477
93014
851215
133091
463193
891684
496403
133921
56128
122271
986685
111903
723846
54277
70274
523962
201277
977186
968560
708799
89924
622723
392800
739450
906057
808402
520584
683292
192878
686099
217517
639175
62089
407866
870005
885946
992966
700646
694426
609236
488424
437246
400635
971718
723180
605287
298445
768346
979854
232415
89774
994330
416421
167993
366618
219678
484457
197173
265590
947702
362901
531003
874442
543536
866855
183732
492620
498374
43269
22534
791831
93415
476986
506218
929659
857824
176861
185899
665454
269479
84370
386300
352863
588420
355498
688502
871275
880541
114790
98286
849705
31964
277273
90992
792480
722430
746155
446362
419224
45179
738169
263958
297805
798350
207770
312629
908096
903136
36029
129701
335721
309397
821102
704399
545095
671922
878263
844431
895575
489256
354531
877265
650211
391682
850398
201860
219185
824680
6712
346814
210908
263694
997064
911532
178369
743804
444077
361780
163856
898490
894192
551913
427394
427927
706501
722602
874537
829846
372272
57432
672739
243062
316549
44593
965096
408349
157384
957838
633859
855136
465074
441461
923870
264625
142997
415964
965109
967014
888535
301243
656045
696866
726042
819404
825277
712290
452156
497570
752714
178662
105082
623779
851985
354361
802415
745892
886078
491423
85755
786719
324697
284763
32638
253651
828832
704026
238660
711545
137647
987711
457787
425374
116956
321420
887519
571746
539423
839530
101686
918539
951662
596693
220983
170310
298408
605606
702982
941692
792167
624318
21210
626829
480632
497036
519744
898476
55655
478332
277432
269463
292723
982973
277117
707633
636448
544940
373667
67837
867564
653218
355736
691513
171545
577431
692620
64149
648489
452209
375341
887823
878568
30701
243851
267756
892515
541416
917019
669076
970358
102539
232919
106635
907139
930065
522370
971720
283391
820279
403146
698036
201318
303679
794182
835776
597135
538784
805790
746979
330394
317197
515977
821743
757061
735648
940209
629391
136286
870307
928500
38879
379219
422139
349060
589992
50853
877362
949102
270390
22331
165855
162424
887256
923667
758964
704675
238324
184979
304292
370191
539460
307197
950255
781374
80305
804289
181707
311280
433674
914541
317681
981998
141729
883520
393729
903203
451010
661212
52434
916196
370385
896153
722266
360273
98175
146422
330295
677587
367785
102954
589336
692293
272077
833945
625674
519279
259945
352610
288867
427181
716530
880085
381317
974894
184302
643138
35855
627992
693806
250988
778086
449545
379628
275037
9243
589113
578237
88019
182714
356347
529906
253336
593902
692386
451537
486703
855636
280128
390059
210602
667546
79690
667098
552473
524691
431767
885465
872541
259227
57159
295232
661210
676514
800192
513242
985866
271958
398548
952036
996975
245745
634047
700773
562720
633052
169292
802661
721797
327935
824662
665163
124254
661030
381420
437974
298301
684369
560974
331576
647508
638232
693652
635018
247785
615993
238766
99952
573350
880512
659398
459403
9996
240081
809218
966996
322760
873941
954533
247707
576222
973503
977109
92125
436994
508218
493687
184635
371781
633521
624950
244253
862508
127226
487203
332386
211037
494752
115447
563778
794419
498635
639923
973443
424945
71566
187880
543637
265042
594189
83347
777546
414590
742025
7264
376052
657689
982986
904783
75869
986358
328936
78644
311261
178665
685429
650584
263644
195514
251018
705277
744229
277046
789229
437951
729698
941151
177692
291926
366394
235843
514104
207992
342020
529834
507345
341788
525030
940073
506698
967768
598798
995667
885225
832363
380812
573327
428350
236247
51659
98117
259308
966183
675435
26802
274649
543439
351612
314588
470318
415664
745176
506911
297419
256826
566749
45157
131915
738988
758917
241204
319086
955959
867621
89185
663337
537472
169919
749410
687815
149765
670915
760961
920186
402455
671081
548781
864642
338693
38052
365931
100089
206937
690051
882345
929656
852028
456425
218803
693738
858228
751463
489471
154987
894286
481651
597218
920860
931095
934280
793509
402310
407300
8089
709043
54504
873649
482738
104681
375519
729030
47150
665104
882480
792630
684111
179879
846773
195105
506301
697240
421410
227418
496606
13389
848628
392002
714126
261532
642037
79763
488699
177438
193902
764473
87264
354397
138281
156122
51420
494059
945889
547575
473006
823439
963784
281578
226832
286235
39541
939983
734765
491289
726249
252287
638911
783716
509180
218552
86793
746130
315113
289624
450670
426767
95602
138312
734317
761413
760305
802806
45114
127351
796477
286714
540730
11373
697781
877274
693530
841610
261036
566569
189515
998777
426161
460234
362782
47174
721977
429842
209849
466505
20204
497355
56500
649148
514377
367893
971347
231470
887670
690216
924127
688465
788392
538292
488675
730925
795051
302569
612480
629047
726222
62035
825774
233788
615663
851356
811215
322552
706527
754037
654833
740804
399089
621968
331425
344107
877284
284421
203110
194013
968490
641684
661601
801724
554388
244106
321855
617492
617565
899580
192728
625640
12752
233392
309031
69735
243990
967708
448870
657598
500192
945990
511110
710407
902829
455818
414024
7198
898808
185402
231611
786132
744450
476191
188050
477693
846839
171486
119841
78180
844032
74294
236852
562399
937508
778726
320652
754429
306651
618796
20087
313691
131377
466599
975307
647830
535764
810846
38399
852122
727546
487449
62693
607769
384177
133421
458376
759576
811524
617430
863006
541219
600647
252860
853482
956641
987200
506072
173553
857218
228722
808944
32982
711316
334727
647166
657044
34037
713817
171311
817816
588835
517853
397639
540793
459760
391852
486049
13973
697553
190703
50388
133385
411093
158823
346098
5708
875058
920919
343658
996137
553530
377934
739149
224023
286958
772181
80557
368566
375913
750001
954594
686120
705149
978965
214438
259338
479515
352999
966624
10702
262059
870253
718974
948342
151100
516564
725691
473711
783765
795933
883328
226312
341482
253156
592551
581389
708906
116174
111834
696068
505717
937871
474714
526147
255275
865430
98140
266604
390368
390101
430733
996679
846636
225264
329142
501562
718814
965057
61435
489767
645392
165446
878846
575650
997781
868072
427105
283406
775567
482089
6632
538579
6238
196777
866748
86717
766323
895956
568971
112628
213954
488107
932877
221332
644310
38638
302754
356969
965438
218787
284631
401928
70437
379462
630216
401740
612863
777549
237407
908332
868896
879447
219002
781366
52519
864112
746667
988522
971863
580867
442009
142517
932742
13405
189571
759689
999085
636378
359333
778901
839008
916398
477939
977382
199321
279634
871938
648794
767213
201096
705478
330300
123040
692237
820662
231233
59156
49371
897484
83998
408732
608792
489768
163524
746414
102686
922452
102521
794487
432360
293666
384404
329481
619669
662450
701781
187760
160732
161744
902111
819618
952525
153402
435667
468244
694336
29695
973769
97001
135196
141762
389741
128325
43846
476190
325812
147584
794339
339556
12666
202743
951436
658367
899066
472380
797710
223801
300009
390125
158810
60694
239727
820258
335887
54110
139971
455360
930530
417016
959777
774824
724082
307499
336536
983936
951005
926042
271231
447968
692821
461663
471024
582138
93215
333082
94333
374666
719147
220213
178837
873279
428216
230623
535729
429379
842135
578145
602791
361577
310407
144478
679324
167347
363519
64875
762647
356604
546315
875593
998064
488200
810254
316219
166439
807718
395942
744520
297041
33728
676012
241167
396332
252159
122970
501186
647956
335517
831560
242497
778767
211336
680079
823187
471938
214896
430542
797443
760647
816238
320971
607957
619030
403920
671601
941475
876319
879365
501431
324697
519610
731810
870114
141001
475766
456526
73377
226220
934222
688464
786774
679478
818618
594291
254516
3413
352161
474004
663107
883269
753963
393288
770688
101714
613493
6380
122210
332076
399966
673418
71544
168864
372030
552292
176814
38329
259703
890017
917487
959282
850019
323857
731236
617878
79277
361503
895834
457078
628603
86994
7169
984263
928969
892031
304208
22550
275985
557199
466886
931112
330278
88873
927948
434418
145121
572220
221687
696625
356722
658474
528873
452967
864088
624020
827287
786612
679723
357758
812965
776461
495574
344031
192620
823579
755555
876808
352478
235570
358511
89838
365441
493228
708604
341462
742743
922786
928101
649308
251871
500998
326828
260063
431987
465696
378508
493970
549475
293114
151878
230584
208363
980278
388719
688362
571734
142014
955862
591054
51132
372114
84605
412022
831820
69476
470981
957629
826820
500752
354232
708426
463628
855721
640115
397874
845872
830831
581678
243066
262201
75804
825386
510329
975654
568221
907189
458204
99596
580510
653661
148356
971783
642366
886191
663306
381468
493154
457770
993570
287405
447653
77445
568541
868887
176109
90906
151368
217004
304281
98414
40562
479176
598998
816093
917067
278930
209041
607911
194024
774673
926855
97169
25252
911080
605880
23801
850464
258928
597113
3386
270762
631920
269033
477495
454139
430779
92347
869000
873114
423847
815219
750527
968095
817061
15404
591126
131794
301890
98645
70518
317042
575225
491004
708838
336977
560690
344386
44878
409180
139355
502639
305959
388281
840162
360862
71170
863177
122764
219417
271985
362125
546805
690431
304022
958885
700772
163106
538374
311474
576714
325421
869017
841885
911192
376322
360720
28017
262074
908898
513060
356964
565683
838470
794087
81331
306582
122378
517977
716395
970846
341577
916426
862339
710059
995652
426086
349990
348121
806331
203746
797392
189631
194654
776578
139598
83073
227677
469892
729447
477395
881436
937964
406745
687690
6978
12013
148860
346336
769329
275377
157572
100804
919952
893446
229602
7004
647235
444837
894601
440600
624124
648735
501262
732020
64171
950374
47080
963978
581137
940533
23831
732305
628722
287453
411426
270710
199977
110509
249976
317781
209237
301182
989368
166932
687089
190936
82764
604956
276034
144196
623344
745397
492521
702832
874449
418749
792792
296120
228304
32197
622497
694487
597861
223369
375210
497129
495649
330249
644349
70812
416011
685000
851324
61299
944428
551264
103026
542454
360615
516224
945028
877882
780096
776388
161798
852616
103997
174063
150954
557933
627241
881672
129171
48478
57269
831950
968071
595013
231098
840024
950147
436140
915034
147726
314921
329925
141124
9726
734805
928275
961045
130204
331725
169465
992348
988121
776278
960285
277302
499166
393187
711801
525400
115685
337257
32638
309355
384500
461518
274405
819154
713080
884735
808979
217543
129530
523489
582503
211043
990656
948447
84900
138876
248322
215266
147894
999720
492423
207455
716963
486176
307356
858186
247887
625665
849265
893864
268267
993324
221200
844034
532860
251660
823611
569525
306883
445431
333408
926054
697487
840046
982011
106132
634011
51327
43529
362886
436388
715146
209892
778723
860044
154272
475456
116256
854564
387910
45760
250963
590682
961882
76406
166695
922878
707981
720118
717225
784050
340366
368213
391678
381678
268488
14595
592183
252590
545793
908162
270141
491257
327843
256578
738023
608973
951064
944539
144362
860460
325518
913062
209904
813053
425114
783800
683585
672481
250297
961020
840734
142227
264497
697196
780397
773563
368533
612204
893326
397071
611624
808131
333195
263270
608153
20279
703854
446811
929197
504259
630317
110938
553659
68599
940161
300746
629264
260653
40469
548311
787891
141603
273625
309275
138818
657402
252597
286568
66171
963210
795163
650420
172311
943711
260405
858018
384976
184597
793790
505769
666628
159179
369965
635299
298481
443847
468875
39476
583328
767718
959206
104981
954143
27070
456606
241660
577382
546450
156764
761130
373020
153521
829155
74192
280049
465707
46782
35167
225067
795441
275417
396651
246591
15176
499180
683003
625365
441258
775442
193839
836911
513657
774200
997070
572642
827872
290288
692716
213890
551241
786469
176820
828252
392052
835817
150808
879644
563642
638698
674002
768591
824351
899780
125909
78851
9485
662256
66965
226187
569075
971353
479792
985759
567802
726223
389943
585056
679263
401109
4829
453048
293105
101269
222331
419488
428393
131251
828926
942075
896737
612414
659630
684768
806963
691843
358491
271349
480943
335228
523046
327542
139256
274406
609257
65045
502971
10160
367812
247996
648653
957199
85637
832558
763937
316846
589043
560971
512034
404355
577271
69298
174899
124605
88296
832833
945601
488857
415474
130551
132929
536532
631330
174331
345163
846139
97744
637622
510163
998366
342505
79066
78016
782947
506263
777158
846058
557174
377168
419906
380277
250078
57912
83173
369925
778603
991476
141206
737948
386700
617484
859375
320151
372477
884412
183357
755202
809181
111383
900836
563411
767005
590297
588256
355978
670676
783559
963302
706722
277808
839941
914536
951220
302536
324340
987512
658473
893452
477189
44804
200666
483166
101279
351103
244486
839226
382889
639585
415151
644175
62516
422916
89233
896114
691336
405679
992256
441960
104522
592240
390813
300257
822151
478626
980020
585924
671711
979663
60662
590565
128464
738670
553678
78292
792798
115469
474657
943247
63388
62410
235623
250263
440922
897915
882465
507232
195244
31150
768950
140641
496338
404554
91950
617484
373193
14036
420233
498008
913773
835214
614205
799545
15241
440697
819531
491761
820669
915196
407677
176384
37451
114589
988222
934199
779134
497515
846806
411243
607543
110910
96064
40900
242389
825111
687209
294133
152576
126049
166663
945990
344658
276825
956756
565260
479779
470665
759526
919099
791856
371183
988717
760338
593768
632125
135880
481268
304338
339514
367300
271767
634973
721734
443890
819733
358342
562042
179171
137888
42656
546797
183170
147667
258179
297940
312975
339491
404691
854721
914228
101172
867500
441676
340037
664008
245863
360335
722841
703890
887884
4106
834559
747945
686228
796648
914207
962712
248793
819801
41839
465554
906652
841438
946574
35906
988467
921571
504257
541121
319885
778886
562503
770849
570083
870070
360922
586470
861373
614646
131525
202837
1502
3329
88348
554660
795086
943560
84573
334160
391298
384471
153762
123918
266473
269717
562943
910169
508117
913962
683326
68202
57540
18939
883060
396614
743627
794128
458687
516593
418526
712983
448095
762752
585598
141698
431151
247436
668159
470923
860607
595074
913525
355863
249486
187096
896891
28408
559721
142298
194847
482381
771354
111266
664237
702980
870991
481318
957783
552768
897865
356396
425982
463702
531389
287320
407903
84720
306379
630437
573277
355348
470552
170994
838054
300927
180234
843252
52101
969259
604959
129354
573892
346032
587243
885806
795708
115783
587628
961671
515899
137897
345867
604699
806352
163477
821362
270625
817845
753201
383044
634420
130458
769096
827581
551268
547338
472178
954536
892391
961468
861329
418743
817069
614457
372855
483202
247761
48612
770405
132703
97451
743467
614895
324250
588162
959433
912379
432657
775455
442229
670696
788719
719676
649194
713035
125571
269084
301844
480148
424572
531636
441300
128847
775235
470343
165424
491335
483189
130063
160474
103365
917115
108631
625819
966134
118088
301670
485340
308074
758767
947797
374737
5944
363423
134466
564547
45952
96956
114781
363896
128969
301530
784287
488384
969928
467992
465307
494175
848066
247767
411245
146642
338952
658006
269519
79040
837729
845676
214346
342078
424519
41185
5576
274047
19399
480040
992776
288726
299211
438653
29932
370922
993397
914775
601901
211573
147041
496714
393838
670328
11405
509117
637805
338111
9813
739843
718102
570124
513110
149847
233970
793827
784245
383737
894397
374002
270136
885663
429588
259610
789649
187482
751053
183582
355195
554759
159201
457703
27517
315374
156932
863281
35340
430586
564182
807318
228430
232405
722417
403061
502392
16927
218786
760959
967960
699212
835765
16861
226863
142168
124522
888385
452406
623399
166788
532360
815553
821372
371071
128393
328513
556502
403233
837501
667556
887330
128233
792907
407
758433
662116
903214
358571
151896
451487
509829
413973
199278
476919
33207
122960
571365
33804
122368
70109
376952
842964
106333
201450
425229
471563
772944
661073
947670
923720
877968
705143
187850
375148
414353
321365
599932
467059
653163
495059
62933
791404
646185
175056
234930
514885
710321
248319
766684
425216
5067
738347
613600
908290
989455
246170
543435
11210
872112
745936
802244
875199
429727
658027
716614
489825
385565
413739
621432
869218
175904
713684
636778
337934
513761
897836
229294
471205
960064
903456
223889
539593
818709
178435
905909
395346
506324
531062
530188
785535
397980
363042
55155
992648
167580
494626
468520
555663
149154
550974
882858
464436
800322
897554
5228
674055
445535
890446
895541
261017
755097
855830
923863
653419
191315
704714
764361
138440
382751
168736
279972
567407
515657
70892
905655
597672
230845
695233
118919
389111
329813
152434
102054
71150
712387
283570
287982
621085
773016
249177
63514
109029
150127
491143
452674
218923
818936
719011
790642
545000
413924
263869
461925
613980
44714
110546
5091
177570
986357
420333
370996
388063
190122
80170
323264
95188
901209
899798
724741
89875
851711
622450
405939
194447
636917
852375
917095
987020
217850
277875
973186
374773
316568
664497
308710
650444
258677
112183
317068
695100
374776
502985
355077
783050
470869
395722
951627
577066
258103
680611
650947
508654
230153
131900
126162
61017
18913
537320
488601
560594
379338
637917
637902
7028
252205
941856
891000
726466
117211
986303
940871
403448
268794
425336
403405
156988
619337
613112
411869
630900
956049
615869
862783
281905
351466
316316
610893
821448
135975
803999
455405
996033
199711
357574
90218
584745
338201
628014
815665
647554
614355
970319
156326
522715
61807
250016
713313
884090
16571
248341
271113
729333
563931
192328
760394
858592
496597
683638
11766
192352
174137
632672
452022
514974
231147
991441
330539
326680
993422
747456
540389
631953
494031
605067
915582
388905
72267
52003
65748
839
429086
414151
436834
380082
22921
770985
560251
249663
129279
998381
857314
709093
760076
61135
517000
420908
593315
890083
395618
971140
722626
90104
497511
705970
918084
768598
39971
399013
276611
239975
301371
348967
139431
227634
237182
34031
226832
838402
89507
220307
548060
13605
44709
287514
673301
247696
524408
871280
336634
265376
518630
583858
670056
745595
448779
128617
795941
992725
380137
912276
374218
312719
852009
150494
686730
714041
289007
933999
948259
710328
682200
29599
423711
389251
345555
96388
761287
618119
763609
821740
999013
172011
202570
497574
709877
477102
67558
201851
256104
549419
197604
594683
180948
635838
193202
469233
351483
137921
568394
744120
15861
945776
370029
165031
192765
251243
324160
580519
86806
27673
474559
276838
418008
303592
628706
452196
207707
676531
202891
110123
491838
721853
993256
170587
740245
620826
606827
973539
217645
601517
301603
603532
255676
893260
331575
657135
205610
289792
253503
441735
761846
490792
629503
196513
932679
861500
43777
481136
998864
322799
83598
531069
199646
845294
491849
937723
475393
859014
544679
167288
429908
815778
607566
346224
69099
914801
381385
36156
410585
433062
25446
188776
948315
605721
23021
741730
324517
983627
514941
547277
259718
488775
975300
340917
326522
48995
786010
369182
863116
756006
753083
922101
642726
589571
862687
825064
520183
160324
201144
738001
210879
838018
346056
743181
28986
350544
59420
306731
951846
794936
598056
343360
791987
269533
810176
672792
991751
218880
341937
27847
213739
539230
965754
896029
533717
295285
13418
820215
863378
536167
996247
635890
177552
162296
703160
450555
76037
155954
593760
79746
884928
370728
275607
292941
232842
324695
433175
455273
168440
308392
844448
855227
521744
282321
423096
900660
672342
281564
382211
953635
96946
871168
443514
86692
844159
251371
390091
311350
908082
480225
790350
102891
587365
354430
69599
879288
514431
907479
206492
820204
572290
157567
969148
1662
873841
786277
861642
442110
322140
746075
552061
384174
636682
596977
646070
135658
997761
237568
883414
67970
863028
399299
2169
991336
81866
69855
195154
44037
380039
860675
132387
56166
244697
791082
732314
834707
894721
608253
911683
439360
16476
810134
228078
345245
237325
593248
764894
137736
116937
341786
407659
896930
290239
829882
314933
308287
727714
124462
438149
397431
84244
164733
530497
784025
473905
289932
62220
136064
815732
267261
514104
502013
362186
864050
144937
561203
230513
808688
690247
53634
469709
701534
76063
669915
242183
898476
948567
828147
515298
736016
688012
629139
666076
1835
135370
939787
730621
945866
784679
411271
646655
662921
581884
319993
387801
532563
467713
924534
10410
850756
971524
260573
678591
418031
447238
656370
303617
198139
519538
971849
841534
870376
514683
632541
438866
823024
199440
717888
105201
120264
830015
806189
741460
736517
262563
776185
54270
198428
271307
117160
705066
285826
139817
939676
592723
596914
108788
311336
718367
838349
931675
483203
416809
102683
564261
796888
987690
447663
114346
419898
693891
902121
403303
397877
630697
763349
543490
491136
571885
375025
480539
8910
193575
71501
903371
978051
496318
91658
95100
53892
39191
415300
291365
440935
620120
453196
417056
143754
448920
133262
4969
329087
937573
921426
343349
797925
313265
436446
327213
770578
199833
637112
856133
901996
858003
183048
703038
29271
140532
273308
913844
679880
689692
128134
451236
831864
403967
266656
747966
500533
297360
226672
776419
843219
458635
961638
543036
228287
167647
999810
333302
370547
819255
269778
506781
134405
517604
208473
173332
990427
209769
986572
890287
85369
16610
913717
447405
623291
876369
164411
981973
550942
317382
203897
231851
862136
432107
243914
362191
40392
355242
820198
633843
665320
668795
24613
414391
12959
195917
366627
832675
735699
95056
499517
603968
336987
156061
825463
212371
363827
654659
974655
284663
20681
696111
422092
643222
139252
291383
961377
265348
26884
908547
393966
335480
665652
624728
143125
1767
621628
684610
297738
359103
168387
487390
737747
643197
405810
586369
652719
83371
185316
510857
833555
466106
609273
718846
711119
745719
600394
66339
583248
935661
725686
795103
243390
509592
923483
807107
971013
648065
894113
194936
891442
513403
45808
310854
414067
484600
797186
298627
529473
651784
