-70.94113289337696
5.2896097064841285
-69.05891639641852
19.232619510640077
98.51095511591302
38.42236433926632
7.55194144981192
2.4878171385127814
-5.350053652008867
-57.750256923794254
-5.429911741513081
-61.479077714388694
51.827232104259906
-99.17772189173235
-48.10512769827391
-23.78779069151946
47.87207412342471
-52.442544093492536
-7.4250085754183175
-17.988045240598183
-81.33513597447242
90.50447366978517
-99.08003694790406
94.580389143644
61.081103045579056
-54.46308417549688
-21.549282346150434
70.59832201692453
-94.1692642068593
40.68741775552732
83.295954052909
-36.42414232156585
-69.80591738723594
44.877510734904035
-17.25745168049299
-41.84933529000345
50.382109077759964
95.58489736999223
-26.000219612756737
-5.718707690992076
84.22544028911756
-47.47056150108253
44.83878265823793
-41.09488275223438
-92.87701545767703
88.24818502229363
43.62018728516722
97.0445768983852
37.65763319521142
41.46896896432017
7.32439392781032
-99.99060092905232
84.01309922798148
5.480915167644113
-43.44943883202732
65.25656948212088
-41.69751059231008
-98.76046179367731
-91.94800029728066
-9.366107229148412
23.14572481788406
93.7329721615562
-21.772930781736676
65.1470123719655
-26.690419198879866
50.17500247690478
55.086370708127106
-50.94611227447676
74.95060014381576
9.879675873719123
1.5685676870462117
98.00469813726605
-14.022247446661112
-61.788739103930126
-80.32131454396499
-20.8907180807752
-36.721802064685605
70.79240880241872
52.774334582445704
-48.77175291227083
26.02618552014617
19.19249540654404
32.42686982290047
37.4479608507163
-10.978422780111586
-94.39296806878058
-13.363977123806166
4.613673812291367
5.9811240512104575
-78.42168697871017
-82.22181736096677
82.95912980527808
-30.067890709192795
64.59630320423338
-68.48002817109631
-91.71497461797208
6.334638002454966
-3.5419924070781263
-47.96962996229337
49.80281690582501
